1184
10831
1254
41351
11158
21814
146
32015
7128
15178
4399
13812
10832
11
19933
7395
19471
26059
37496
13990
48903
31022
13811
3353
8451
19750
8284
7235
14306
36775
36303
7052
30663
30726
19115
17078
6542
41893
12858
4314
53301
299
1300
23963
6249
2913
4706
3405
4396
4068
15440
4026
1365
8367
19620
25619
16143
16076
1290
16297
3354
147
9811
7925
32155
2561
6783
11424
13633
7840
7051
1289
477
3725
8788
889
9112
2340
2140
247
4565
1562
15819
8748
15460
15492
31578
531
27366
28699
8573
5566
3605
1355
2074
37140
44916
33697
9005
10886
487
17862
2950
10
4796
8962
2925
18473
2904
14975
36082
4160
7450
4242
20312
25829
6248
1935
12857
17317
3662
16338
22883
1700
16881
1185
17541
433
4313
7396
43566
2926
8368
1934
10375
37758
14259
26634
2481
1299
39035
23274
15816
37141
7857
20838
9229
10488
18472
18537
15501
11449
2446
18876
10418
36645
10325
19873
40978
46500
10417
4938
11450
4398
11819
2405
3810
1134
16273
17216
6245
52990
26440
71277
49150
