2913
127362
4706
4565
11424
66872
8788
23963
11158
13990
21814
146
48903
32015
7052
4399
12858
30726
13812
8284
7235
19933
8451
4314
1184
17078
7395
31022
13811
10832
19471
26059
37496
41893
19115
36775
36303
7128
3353
19750
15178
53301
10831
30663
14306
6542
1300
11
3405
1290
6249
4396
15440
16297
4026
7051
1365
8367
13633
7840
25619
6783
299
16076
2561
41351
3354
1254
32155
19620
1355
61116
52990
3725
67496
26440
4068
49150
7350
30667
71277
37829
68854
38196
8285
37828
97519
74894
20711
45368
47165
32016
14003
54864
10
126387
7450
91312
58748
109445
4160
126570
91062
129723
91756
123627
31578
5566
8368
3605
101008
45264
1289
6106
64316
35463
16143
2140
9811
