15819
3405
4396
28699
8788
4565
6249
2913
23963
11158
21814
146
48903
32015
7052
4399
12858
30726
53301
13812
7235
19933
8451
1184
17078
13990
31022
13811
4706
7395
8284
19471
26059
41893
37496
19115
10832
36303
7128
3353
19750
15178
36775
30663
4314
1290
14306
6542
10831
1300
11
15440
16297
4026
7051
1365
8367
41351
1254
299
25619
3354
16076
1289
1355
32155
2561
16143
13633
147
15492
2140
4796
27366
247
2340
477
26634
1562
31578
9112
20312
3605
17862
9811
71277
61116
52990
7350
3725
26440
49150
37829
30667
68854
8285
97519
67496
38196
37828
4068
74894
20711
45368
6783
32016
5566
19620
14003
54864
8368
10
4160
7450
4242
33697
22883
11424
531
235
37758
6106
34559
45264
17612
15460
10375
7840
47165
64316
70225
35463
37140
7925
889
2925
58518
8962
6248
7857
16338
2926
14975
2904
4938
17317
487
18473
10886
36082
99015
