1473 1474 117767 117768 127644 129191 130370 132980
3870 3871 131109 131736 131901 132130 132531
1809 1810 56549 123950 128966 132160 133059 133150
1873 1874 79511 79512 108253 121870 121871 129752 131039
3952 3953
9253 9254 117460 117461 125354 125514 128743 130757
12323 12324 122960 131503 133320 133608 133701
8620 8621 98643 122127 123048 133888 133917
12688 12689 93975 116253 122011 122012 130463 133822
11619
8736 8737 17941 17942 46170 93246 93247 111845 121307 131671
15711
4439 12357 49291 49997 63534 82618
8585 8586 124563 124564 128497 130113 131831 132205
9123 88939 112758 125747 131893 132177 133811 133948 134110
40519 118096 125314 129043
40520 118095 125464 130556
40097 132950
26296 127131 127352 128301
26297 127353 132238 133046
41162 95608 119042 119043 120745 121267 125668 129302 129997
30364 30365 67638 98588 98589 105595 105596 130117 133738
32566 32567 131520 134021
19783 100924
34379 34380 45633 45634 65195 122049 127763 131793
34874 120288 132828
35933 127591
36422 36423 83751 102370 117863 122894 130069 133718
37382 37383 115980 115981 117927 122814 125716 129114
38000 38001 124312 126085 131545 132915
47565 47566 121377 127594 128179 131980 132279 132902
38354 106987 110928 127714
38949 104973 112548 116066 119943 131078
49351 122717 123104 123105
20955 108843 120252 123184 130700
24908 24909 118897 118898 128051 129856 129983 131188
26575 26576 50136 50137 99995 114084 118246 125064 133555
32838 108352 133241 133423
32839 94787 124770 130655
38353 127715 128639 129657
55071 55072 97115 97116 104020 104021 128617 129230 130082
51391 51392 88450 88451 106186 129131 132082
57018 57019 126038 126379 127240 128581 131541 132154
57138 57139 119039 123951 125410 127288 128657 133521
53556 53557 120196 121863 121864 129529 133344
73975 82317 118955 132322
74490 74491 115803 115804 121086 121632 123721 129219
23639 23640 80605 80606 126411 127388 131309 132554
75137 75138 99427 99428 114106 114107 124410 128134 128558
77354 77355 93209 100442 121202 129644 130057 130894 130895
78094 78095 125723
82402 98298 98299 129833 133684
80503 80504 103291 115547 117829 127842 129146 132341
49326 110138 118203 123944 128156 129425 130462
51508 51509 98697 117145 132036 132752
51906 51907 93724 93725 121974 129531 129884 131022
53939 122844 131558 131559 132348 132534
58759 58760 88160 88161 116706 118425 130825 132685
58937 58938 79393 105401 119206 130070 133305
60452 60453 112882 131074 133518 133568
41316 118413 128694 131183 132647 132655 133347
54270 54271 91285 91286 95329 127643 129226 131491
48264 126252 126360 126565
43744 43745 119420 119421 121849 121850 123240 126006 129550
66561 66562 88846 105950 124271 124272 125198 130269
43463 43464 117020 127635 128724 129352 129519 132533 133371
44000 44001 131724 131725 132270 133911 133914 133932
45385 45386 91156 119231 121818 121819 126718 133184
67280 67281 125644 126377 129259 133243 133607
45612 45613 50026 67263 67264 72032 113542 114631 127099
45629 45630 91738 125014 129339 130009 132321 134044
46939 46940 62919 126012 129628 130341 131230 131656
47089 47090 90962 97133 126114 128545 130882 132343
50951 50952 112751 114241 114242 114970 116483 119354 127732 130722 131296
64207 64208 93026 103184 124418 127867 128104 133341
65568 65569 93444 112897 133476
78354 114957 119914 126002
79111 79112 81665 81666 91914 104218 105623 126641 133313
67472 69685 69686 78679 79940 134039
42209 42210 121473 122997 127731 129619 130856 132161
43488 43489 102884 120470 124873 130204 130767 132175
68273 68274 113566 127662 128472 128473 129492 134100
47020 47021 107994 107995 124036 125777 126926 128844 131246
68923 68924 73765 73766 115044 119630 130554 132699
48265 72246 129625 131478
69500 70280 82450 127561
53938 73456 118261 122843
69501 82451 95837 132495
61039 61040 113688 125552 128076 129139 131502 132494
69649 69650 97572 113164 120024 127371 130615 132791
61473 61474 85310 85311 126672 130494 131602 132368
70799 70800 96123 96124 124374 128740 130695 132397
71281 71282 120905 123180 130614 130916 134023
61666 61667 118707 121099 122119 122198 122199 129672 130677 131711
72115 72116 111087 127950 128568 128834 133593
61774 61775 81157 123368 127039 127040 128120 128634 129630
72392 72393 80352 80353 95636 126577 130205 130567
61822 61823 99110 120099 123606 127948 131451 133892
72972 72973 123653 127308 127309 129426 130818 132407 132965
62450 62451 119577 131874
73878 73879 121301 129470 130118 130591 130981
73976 118956 125586 130844
65853 65854 121156 125459 125626 125627 126962 129066 129067 131111
80128 80129 88916 88917 90718 124752 124999 131489
19784 105479 105480 132777 133704 133896
20954 52429 52430 120253
41317 109956 111483 119931 119935 122061 126196 126808 126998 128454 128849 129030 129076 132035 133172 133741 133881 133947
24694 126675
82651 117745 125366 133335
83381 83382 105466 117519 126310 128476 129407 131108
89011 89012 99232 112801 115716 124797 126880 133404
89050 116559 125151 129715
90145 121536 122573
83009 121352
90147 120994 122661 133193
90856 90857 94805 94806 122716 125248 130416 133579
91561 91562 108166 127130
84935 84936 92994 129876 133744
93269 116771 130546 132043
93729 129643
94193 94194 101032 102383 102384 103144 124104 126785
95662 95663 128283 129023 131421 132369 132735 133874
90148 108512 111854 120993
89574 104710 125722 129545
92901 92902 112625 121297 128883 130194 130640 132034
93254 102660 108789 130773 131749
93610 93611 98372 98373 125889 129971 130045 132884
95129 95130 121579 121892 121893 127887 128641
96316 96317 118989 121181 126949 128645 128918 129577
96484 96485 124942 124943 126431 128480 131303 131566 132756
96641 96642 121321 125808 128229 131868 132855
97522 97523 105493 105494 118800 120828 127582 129632 133876
98016 98017 113095 115160 115161 115195 124859 132998
98043 98044 117852 122177 122744 133182 133202
99136 99137 109929 120791 120792 128825 129889 130637 132973
99529 100874 122645 131151
99530 100873 123170 124863
99815 99816 108206 130950 132188 132952 133788 133931
99915 99916 129029 129780 130944 132594
99956 99957 102568 102569 121712 125941 125949 131637 131847
100239 120923 127738 134160
89513 89514 106399 109913 119446 128148 133265 133533
90537 130920
100987 100988 121178 121179 129695 130346 131441 132149
95828 95829 101543 101544 116203 123252 125556 130717 132415
101275 115641 127199 130464
101276 107048 115640 116545
101518 101519 105926 105927 112520 113021 113022 117074 119006 132665
101619 101620 106567 117237 126921 127828 128956 130020
102173 120776
102289 102290 122939 122940 123643 128015 129088 129115 129428 130402
102348 102349 106328 107676 118471 120800 130475 132814
102468 119014 119015 123438 123439 131751 131841 133149
102706 102707 132516 133052
102935 102936 112914 112915 117427 123035 129102 131857
103412 103413 128312 131617 133345
103844 103845 124180 127553 127554 129295 132122 132275 133376
85025 85026 124484 127175
89049 89840 116558 131181
86116 86117 97604 118243 118244 121507 131262 132172
87294 87295 116174 125896 128697 131290 134059
87787 87788 126743 128126 128951 132236 133831
87901 87902 98742 105243 109624 118430 130814 133754
87999 88000 120531 125887 126175 126176 129682 130053 131977 132449
88619 88620 112068 127030 127031 129673 130122 131170
89575 104709 126048 127966
89904 89905 100868 100869 123539 125155 125156 132355 132674 132908
90144 119034 119911 119912 123932 126235
93270 108908 116770 134013
95165 95166 128264 131128 131814 133007 133615
95906 95907 97242 124027 127037 127038 127369 131313
103854 127822
104977 104978 108032 114698 114890 115368 120145 132886
105016 105017 116232 120269 122171 126120 130585 131062
105088 105089 130982
103855 127821
105473 117746 124623 125297 130347 130638 132802 133136 133191 133838
105502 120846 121235 124682 127114 129802
106129 113440
106283 106284 106908 106909 117661 119738 120598 133467
106999 126799 127485 131629
107000 131628 132865 133829
107786 107787 130869
107976 120725 122930 128991
108470 108471 121695 124366 131905 133481 133672
108714 108715 124523 124524 126893 129361
110434 114249 124668 125480
110525 110526 130136 131858 132922 133289 133810
110734 131492 131624
110747 110748 118202 129580 131171 132803 133417
111300 111301 123225 126603 126881 126967 133124 133745
111305 111306 128764
111381 131072 131562 132718
111382 120895 131551 131908
111735 111736 133042 134076
111803 111804 118816 118817 126261 126262 126761 131345 131991 131992
111828 127577 132607 132931
111829 127578 128507 128656
111908 113923 129429
112073 124551
112101 132284
112313 120044 128952 133008
112314 120043 124000 128701
112597 112598 117623 117624 119281 124133 126895 131352
112632 112633 125802 130460 130461 131722 131820
105316 105317 115028 115029 131249
113085 113086 122805 122806 127096 128359 129681 131432
106009
113359 133171
106246 122761 125995
113554 113555
106744 106745 108567 117240 117241 117318 120638 128919 132293
113669 113670 128748 130303 132832 132942 133043
113728 128219 129485 130212
107808 107809 121370 123564 125005 126902 126903 132123
113729 129463 130897 134126
114022 132796
107875 107876 114700 114701 119922 120202 130287 133536
114533 124351 125290 131743
107977 120726 129808
114645 114646 114989 121007 121008 127276 129420 129434
108726 108727 110735 111346 118217 118959 123613 132095
114955 114956 123063 123646 132231 132856 133237 133496
108757 108758 116590 116591 117810 120588 125460 126317
115248 125609 128023 131274
108948 108949 123311 123312 127218 130451 132274 133148
109019 109020 109046 109047 117408 117792 117793 132617 132731
109108 109109 111886 111887 120372 130127 130625 132999
109485 109486 118558 118559 122920 123172 126890 128760 129000
109633 109634 111152 129367 133000 133622 134119
115249 128022 130469 132589
120719 120720
120900 120901 123007 131937 132632 132830 134074
120955 120956 129667 129668 131047 132314 132458
121011 121012 122234 124077 126663 126664 129759 133712
121183 121184 128233 128234 128249 129203 129392 130699
121599 125619 131211 131662
121600 123957 125618 133186
121629 121630 125223 126517 127392 127901 133138
121729 121730 125633 134111
123100 123101 129057 131175 131197
123270 123271 125426 130968 131970 133871
123365 133669
123528 123529 124217 128502 129962 130663 131265
123830 123831 126713 126714 127253 129132 130921 133226
123885 127566
115877 115878 129748 130992 133144 133255 133625
115295 115296 116562 126160 129514
116779 124923
115485 115486 125097 129594 132491
116273 116274 122964 122965 130617 132351 133037 133218
116921 116922 117734 117735 118917 118918 119177 128862 130227
116297 116298 122677
117109 117110 123367 124476 132619 133314
116517 116518
118221 124016 126690 130137
116642 116643 120593 130684 131216 131510 132301
118688 118689 128340 129085 129162 129726 130584 132112
116781 116782 132139
118977 118978 120766 120767 122288 129446 130004 131215 132398
120556 132932
116979 116980 122571 129347 131235 133759
119526 119527 123631 123632 129720 130951 133246 133394
118007 118008 124493 126746 130273 130274 132926
120144 127777 131241
118222 124015 125961 127813
121792 121793 122516 123569 127346 130282
118966 118967
121991 121992 131555 131716 132395 133454
119182 119183
122141 122142 125206 126912 130407 130928 131424
120313 120314 125610 132939 133463 133523 133660
122531 122532 123609 124009 126984 128631 128911 129954
120363 126330
122759 131938 132807
122859 122860 129629 132308 132626 132721 133668
117009 117010 123290 128016 128017 131506 133270
118322 118323 129895 131267 131387
119619 119620 123832 125892 128419 128420 129707 131638
124618 124619 125035 125036 126924 129024 129025 130342
124939 124940 133125 133583 133952
125319 125320 129453 130789 131201 132440
125330 125331
125704 126681 127964 129763
125705 129764 131514 131869
125743 125744 131041 133127 134018
126115 126116 133356 133926
126149 126150 129001 129733 130075 133251 133331
126228 126229 128259 129223 129799 130172 131316
126409 126410 128362 129766 130489 130958 132040
126491 127723 127898
126563 126564 129562 133988
126594
127670 127671 129465 132624 132927
127735 130807
128286 128287 130504 131579 133938 133998
128376 134162
129106 131177
129892 129893 132144 132854 132993 133452 133773
129985 131064
130419 130420
130558 133504
130755 130756 133332
125884 125885 133860
126304 126305 126607 128098 129427 134130
126791 126792 127173 132267 134068 134133
127054 127055 134001
127490 127491 128056 128905 129605 131367 131535 132199
129212 129213 130140 132901 133256
129262 129263 133824
128095 128096 130601 131422 132113 132135 132507 133034
129389 129390
130787 132635
130799 130800
131079 131080
131149 133185
131152 131153
131268 131269 132519
132201 133674
131598 131599 132219 133474
129875 133786
130110 130111
133573 133574
133612 133613 134012
134093 134094
133939 134086
132220 133828
132233 132234
132489 132490
132517 132518 132970 133492
132538 132539
132771 133098
132809 132810
132824 132825
133118 133119
133220 133221
133440 134156
