11
61116
10831
1254
52990
41351
11158
21814
48903
32015
15178
4399
13812
19933
146
36303
13811
7128
8451
3353
7395
12858
1184
19471
37496
19115
36775
31022
7052
19750
26059
13990
8284
41893
30663
7235
14306
17078
30726
23963
53301
6542
10832
4314
1300
299
6249
2913
4706
4396
15440
8367
3405
4026
25619
1365
19620
1290
16076
3354
4068
16143
16297
147
32155
13633
2561
1289
1355
2140
9811
7925
6783
3725
7051
11424
8788
477
5566
31578
9112
2340
247
1562
4565
531
15492
889
27366
15460
15819
3605
2074
28699
17862
37140
487
33697
44916
9005
10886
8573
26440
71277
67496
49150
10
7350
7840
4242
30667
37829
68854
8368
37828
74894
20711
10375
38196
97519
20312
2904
2925
18473
14975
4160
2950
8962
6248
36082
7450
8285
16338
4313
17317
25829
32016
17612
8748
37758
26634
4796
22883
12857
45368
1935
2926
3662
43566
1700
1185
1934
16881
17541
7396
54864
14003
47165
433
7857
35300
105817
14259
39035
2481
23274
