14306
4396
10832
7395
6249
2913
7235
4026
15178
6542
19933
1365
1300
30663
12858
15440
13812
4706
4314
19750
53301
8284
3353
13811
36303
31022
17078
26059
30726
19115
1184
19471
37496
36775
7128
13990
146
4399
48903
41893
21814
7052
11158
8788
3405
1290
32015
4565
8451
8367
25619
32155
15492
2340
37140
16076
33697
247
10886
11
4160
6783
299
7450
3605
23963
27366
9811
17862
9112
31578
19620
10375
10
3354
2904
13633
43566
3725
18473
1289
2926
17317
37758
531
1562
1934
14975
477
4242
2561
147
15819
11424
16143
7840
889
10831
487
15460
7925
2140
5566
7051
41351
2925
4068
28699
16297
36082
8962
1185
2074
8748
1700
1355
44916
4796
2950
3662
12857
9005
16338
6248
8573
17541
16881
25829
1935
14259
1254
7396
433
23274
20312
2481
22883
39035
8368
71277
7857
9229
4938
3810
4313
2446
52990
26634
26440
15816
1299
10488
11449
37141
15501
20838
18876
18472
18537
36645
10417
10418
40978
10325
19873
46500
2405
11450
11819
47165
16273
4398
6245
1134
17216
