1299
1355
15492
6542
1935
46500
2074
4565
2481
30663
10831
28699
11
15440
15816
13811
4706
6783
7235
1365
17078
3354
27366
31022
37141
4160
147
487
15460
11158
433
2340
53301
15178
15501
31578
19471
44916
4026
7450
48903
11449
5566
36645
19933
4068
477
40978
2904
8748
30726
21470
13633
18473
20312
36775
299
11424
16338
26634
8962
18876
16143
3810
3202
32015
9005
15819
9229
1934
33697
37758
19620
1289
3605
247
8451
18537
9811
1184
8788
23963
2950
10488
10
17541
7395
16297
12857
1134
2140
7052
36082
12858
4796
18472
32155
14975
41893
6249
4242
2446
10375
19873
19115
2926
43566
11450
41351
11819
4398
20838
13990
21684
6245
4399
25619
22883
1700
1300
3662
22393
4396
19750
7925
16076
531
9112
37496
2405
17862
3353
2913
26059
10418
889
8368
8367
7051
2925
10832
1185
14259
10417
7128
37140
4313
23274
1290
1254
3405
7396
16273
36303
21814
146
2561
4938
17216
10886
8284
6248
39035
25829
10325
3725
1562
4314
8573
17317
13812
16881
14306
7840
7857
