17526
11152
2715
8168
6545
6162
12590
13198
4203
2681
30271
7847
2904
11630
38443
11151
42439
3666
19425
4938
5357
34775
1133
27461
4688
18230
22131
6756
11275
5356
13119
22255
605
18148
27717
7425
3517
49369
774
20830
39910
11307
14085
3462
41045
76175
44910
34723
22393
67326
18826
9642
1443
9261
1277
21638
3810
8743
49628
2000
3720
23879
26463
453
9007
16355
58359
4565
7409
17673
46907
14771
34677
1104
29938
14888
21154
8231
11528
1442
519
2011
4689
6991
2702
2269
16502
3026
25846
70294
1567
32681
37758
17495
10716
43318
67687
6863
6070
6478
17862
10375
21935
739
15924
297
8751
68072
3862
12089
7131
8788
23568
58740
118106
21806
9262
14890
6245
4487
3328
31572
522
22858
120448
3069
2622
3290
15493
49210
3019
20525
14872
44453
6163
1999
7132
24557
3141
454
2483
4160
13450
9202
35294
23487
5730
9160
807
7561
26577
1209
7450
5684
13118
4202
6026
27999
1105
12923
3142
1210
